52
3 4 1
5 6 1
5 7 1
5 8 1
5 10 1
5 12 1
6 7 1
6 8 1
6 9 1
6 10 1
6 11 1
6 8 1
6 9 1
6 10 1
6 11 1
7 12 1
7 13 1
7 14 1
7 15 1
7 16 1
7 17 1
7 18 1
7 19 1
8 9 1
8 10 1
8 11 1
8 12 1
8 13 1
8 14 1
8 15 1
8 16 1
8 17 1
8 18 1
8 19 1
9 10 1
9 11 1
10 11 1
10 12 1
10 13 1
10 14 1
10 15 1
10 16 1
10 17 1
10 18 1
10 19 1
12 13 1
12 14 1
12 15 1
13 14 1
13 15 1
14 15 1
16 17 1
16 18 1
16 19 1
17 18 1
17 19 1
18 19 1
20 21 1
20 22 1
20 23 1
20 24 1
20 25 1
20 26 1
21 22 1
21 23 1
21 24 1
21 25 1
21 26 1
21 27 1
21 28 1
22 23 1
22 24 1
22 25 1
22 26 1
22 27 1
22 28 1
22 29 1
22 30 1
22 31 1
22 32 1
22 33 1
23 24 1
23 25 1
23 26 1
23 27 1
23 28 1
23 29 1
23 30 1
23 31 1
23 32 1
23 33 1
24 25 1
24 26 1
25 26 1
25 27 1
25 28 1
25 29 1
25 30 1
25 31 1
25 32 1
25 33 1
25 27 1
25 28 1
25 29 1
25 30 1
25 31 1
25 32 1
25 33 1
26 28 1
26 30 1
26 31 1
26 32 1
26 33 1
27 28 1
29 30 1
29 31 1
29 32 1
29 33 1
30 31 1
30 32 1
30 33 1
31 32 1
31 33 1
32 33 1
34 35 1
34 36 1
34 37 1
34 38 1
34 39 1
35 36 1
35 37 1
35 38 1
35 39 1
36 37 1
36 38 1
36 39 1
36 40 1
36 41 1
36 42 1
36 43 1
36 44 1
37 38 1
38 39 1
40 41 1
40 42 1
40 43 1
41 42 1
41 43 1
42 43 1
45 46 1
45 47 1
45 48 1
45 49 1
46 47 1
46 48 1
46 49 1
46 50 1
46 51 1
46 52 1
48 49 1
50 51 1
50 52 1
51 52 1